{
  "camera_angle_x": 1.403107494088129,
  "camera_angle_y": 1.2303312380983247,
  "fl_x": 1448.61,
  "fl_y": 1449.12,
  "k1": -0.01301,
  "k2": 0.0227891,
  "k3": 0,
  "k4": 0,
  "p1": -0.00104525,
  "p2": -0.00103153,
  "is_fisheye": false,
  "cx": 1218.06,
  "cy": 1033.02,
  "w": 2448.0,
  "h": 2048.0,
  "aabb_scale": 16,
  "frames": [
    {
      "file_path": "./data/phone/images/0058.jpg",
      "sharpness": 15.20685528487421,
      "transform_matrix": [
        [
          -0.632495523776362,
          0.23974391110598706,
          0.7365271613405039,
          3.4430770087673293
        ],
        [
          0.7306735959069934,
          0.5002225686973089,
          0.4646433718757145,
          3.490172306193571
        ],
        [
          -0.2570320962413374,
          0.8320458123257882,
          -0.4915630808221617,
          -2.353566979677392
        ],
        [
          0.0,
          0.0,
          0.0,
          1.0
        ]
      ]
    },
    {
      "file_path": "./data/phone/images/0059.jpg",
      "sharpness": 10.576778827699822,
      "transform_matrix": [
        [
          -0.6366418970982455,
          0.24103708777104987,
          0.7325218171976993,
          3.46041965871589
        ],
        [
          0.7290638612158186,
          0.4976778565853644,
          0.4698751224730889,
          3.493801303546697
        ],
        [
          -0.2513025596855442,
          0.8331973782810534,
          -0.4925740044085529,
          -2.2825301325925706
        ],
        [
          0.0,
          0.0,
          0.0,
          1.0
        ]
      ]
    },
    {
      "file_path": "./data/phone/images/0060.jpg",
      "sharpness": 10.637253100088637,
      "transform_matrix": [
        [
          -0.643246923735239,
          0.2461264415984484,
          0.7250208129305907,
          3.4067236395241562
        ],
        [
          0.73114145244226,
          0.4785671921439331,
          0.4862156269232736,
          3.5804455635148025
        ],
        [
          -0.22730064580406095,
          0.8428494660533034,
          -0.4877901200549253,
          -2.064120315664136
        ],
        [
          0.0,
          0.0,
          0.0,
          1.0
        ]
      ]
    },
    {
      "file_path": "./data/phone/images/0056.jpg",
      "sharpness": 11.942087210606283,
      "transform_matrix": [
        [
          -0.6345262840981513,
          0.2290557849960697,
          0.7381800802775993,
          3.416645256374306
        ],
        [
          0.7248605562087116,
          0.5078259446193343,
          0.4654996979504482,
          3.5205179862091387
        ],
        [
          -0.2682416055156279,
          0.8304494275697334,
          -0.48826241395276243,
          -2.4436132298965507
        ],
        [
          0.0,
          0.0,
          0.0,
          1.0
        ]
      ]
    },
    {
      "file_path": "./data/phone/images/0054.jpg",
      "sharpness": 13.814535098233648,
      "transform_matrix": [
        [
          -0.6334292468347824,
          0.23656582192187986,
          0.7367523430777838,
          3.428607894080327
        ],
        [
          0.7317542611893249,
          0.4927111836726949,
          0.4709261228706192,
          3.3458746332366247
        ],
        [
          -0.25160108314905916,
          0.8374200315325452,
          -0.48520572335923146,
          -2.430170027404668
        ],
        [
          0.0,
          0.0,
          0.0,
          1.0
        ]
      ]
    },
    {
      "file_path": "./data/phone/images/0055.jpg",
      "sharpness": 11.072860815975716,
      "transform_matrix": [
        [
          -0.636703607158674,
          0.22666391666862198,
          0.737042734720405,
          3.4046440603628207
        ],
        [
          0.7250111586148755,
          0.5014920343387586,
          0.47208534196071794,
          3.44080404654127
        ],
        [
          -0.2626163423801162,
          0.8349426400400812,
          -0.4836356558990342,
          -2.444890519745973
        ],
        [
          0.0,
          0.0,
          0.0,
          1.0
        ]
      ]
    },
    {
      "file_path": "./data/phone/images/0052.jpg",
      "sharpness": 10.021841989995185,
      "transform_matrix": [
        [
          -0.5968147581797189,
          0.3071820744598662,
          0.7412498337883793,
          3.674372713853256
        ],
        [
          0.7839101157298134,
          0.4202934877626296,
          0.456988301057859,
          2.7184118629446283
        ],
        [
          -0.17116386472825704,
          0.8538106071002971,
          -0.49164049021204137,
          -2.3736117334861837
        ],
        [
          0.0,
          0.0,
          0.0,
          1.0
        ]
      ]
    },
    {
      "file_path": "./data/phone/images/0053.jpg",
      "sharpness": 11.116599087803541,
      "transform_matrix": [
        [
          -0.6117588227858235,
          0.2850339912445344,
          0.7379070209439521,
          3.5814093856696076
        ],
        [
          0.7666774124549095,
          0.4433872607385771,
          0.4643420081093462,
          2.9202664075640814
        ],
        [
          -0.1948253122742487,
          0.8498019588018157,
          -0.4897751958718219,
          -2.3844227644183427
        ],
        [
          0.0,
          0.0,
          0.0,
          1.0
        ]
      ]
    },
    {
      "file_path": "./data/phone/images/0050.jpg",
      "sharpness": 10.270939838512462,
      "transform_matrix": [
        [
          -0.5674796264742551,
          0.36123885575384024,
          0.7399144302966345,
          3.816099740574179
        ],
        [
          0.8184040524848566,
          0.34617706144353544,
          0.4586679235853219,
          2.215284522251732
        ],
        [
          -0.09045272700643546,
          0.865833669658333,
          -0.4920877738549709,
          -2.307650172934498
        ],
        [
          0.0,
          0.0,
          0.0,
          1.0
        ]
      ]
    },
    {
      "file_path": "./data/phone/images/0049.jpg",
      "sharpness": 11.69846473240088,
      "transform_matrix": [
        [
          -0.5602107975740774,
          0.37660256643781237,
          0.7377901897113224,
          3.861474921453128
        ],
        [
          0.8274052038677225,
          0.2969336558882203,
          0.4766875095923696,
          1.930476641989112
        ],
        [
          -0.039552999149239855,
          0.8774969328250449,
          -0.47794836246146744,
          -2.265256663116651
        ],
        [
          0.0,
          0.0,
          0.0,
          1.0
        ]
      ]
    },
    {
      "file_path": "./data/phone/images/0051.jpg",
      "sharpness": 8.442157421179271,
      "transform_matrix": [
        [
          -0.5747280409053468,
          0.3491957342540008,
          0.7401013592427372,
          3.791793563876305
        ],
        [
          0.8100019328605423,
          0.37154982292640115,
          0.4537043419848463,
          2.3642963022040937
        ],
        [
          -0.11655290688860212,
          0.8602401368567879,
          -0.49638932476271697,
          -2.329752622157647
        ],
        [
          0.0,
          0.0,
          0.0,
          1.0
        ]
      ]
    },
    {
      "file_path": "./data/phone/images/0046.jpg",
      "sharpness": 8.271826850000076,
      "transform_matrix": [
        [
          -0.5210123565123126,
          0.4520098089497795,
          0.7240395525664356,
          4.069132164308157
        ],
        [
          0.8475299966706018,
          0.1734014720702482,
          0.5016223106383525,
          1.1858837693363207
        ],
        [
          0.10118867825560303,
          0.8749966664631234,
          -0.4734361707661945,
          -2.1028242583619887
        ],
        [
          0.0,
          0.0,
          0.0,
          1.0
        ]
      ]
    },
    {
      "file_path": "./data/phone/images/0048.jpg",
      "sharpness": 9.67772319233195,
      "transform_matrix": [
        [
          -0.5556477083184419,
          0.3888151157136778,
          0.7349002852362508,
          3.9213462086091435
        ],
        [
          0.831357810969078,
          0.2704527956500888,
          0.4854888974652823,
          1.7695615415810126
        ],
        [
          -0.009990414821410066,
          0.8807258857066538,
          -0.4735209595799652,
          -2.2409279913800066
        ],
        [
          0.0,
          0.0,
          0.0,
          1.0
        ]
      ]
    },
    {
      "file_path": "./data/phone/images/0047.jpg",
      "sharpness": 8.806904904945357,
      "transform_matrix": [
        [
          -0.5308473748227682,
          0.44144456108958263,
          0.7234139615819698,
          4.057162095206371
        ],
        [
          0.8447539520382713,
          0.20737761935525734,
          0.49334091472164937,
          1.3948147354959877
        ],
        [
          0.06776279884596709,
          0.8729955315038921,
          -0.4829979045078849,
          -2.1628803993786816
        ],
        [
          0.0,
          0.0,
          0.0,
          1.0
        ]
      ]
    },
    {
      "file_path": "./data/phone/images/0044.jpg",
      "sharpness": 11.29917297090061,
      "transform_matrix": [
        [
          -0.4793736663105174,
          0.4267514692009796,
          0.7668664094302148,
          4.03202028153044
        ],
        [
          0.8676939096879481,
          0.09947680340994167,
          0.4870440061458252,
          0.7104246259579617
        ],
        [
          0.1315613150363899,
          0.8988813948172523,
          -0.4179761750049981,
          -1.7036777930466012
        ],
        [
          0.0,
          0.0,
          0.0,
          1.0
        ]
      ]
    },
    {
      "file_path": "./data/phone/images/0045.jpg",
      "sharpness": 10.801506675387019,
      "transform_matrix": [
        [
          -0.49193296705058975,
          0.43650393285041567,
          0.7533035696187547,
          4.026533147523042
        ],
        [
          0.8619281711185097,
          0.12212490574861182,
          0.4921029285054691,
          0.8521927532656828
        ],
        [
          0.12280773798217635,
          0.8913752195986295,
          -0.43631231006094323,
          -1.848687507395345
        ],
        [
          0.0,
          0.0,
          0.0,
          1.0
        ]
      ]
    },
    {
      "file_path": "./data/phone/images/0043.jpg",
      "sharpness": 7.091319763327883,
      "transform_matrix": [
        [
          -0.4368178663936942,
          0.4319628628986097,
          0.7890489571538302,
          4.080663364651064
        ],
        [
          0.8821006312219106,
          0.033758968738639414,
          0.46985000193124565,
          0.43147302133297066
        ],
        [
          0.17632025779854324,
          0.9012594694186108,
          -0.39578118599244977,
          -1.349679991122134
        ],
        [
          0.0,
          0.0,
          0.0,
          1.0
        ]
      ]
    },
    {
      "file_path": "./data/phone/images/0042.jpg",
      "sharpness": 11.189704645318582,
      "transform_matrix": [
        [
          -0.3987738744207121,
          0.43000853162459596,
          0.8099827323231853,
          4.090951538023949
        ],
        [
          0.8949592814772852,
          -0.01021069304952849,
          0.44603063343555366,
          0.2933919179597932
        ],
        [
          0.2000674886125025,
          0.9027669150429743,
          -0.38076845221468575,
          -1.1154075945221242
        ],
        [
          0.0,
          0.0,
          0.0,
          1.0
        ]
      ]
    },
    {
      "file_path": "./data/phone/images/0041.jpg",
      "sharpness": 6.040987888914319,
      "transform_matrix": [
        [
          -0.2848686091138235,
          0.25596319449796867,
          0.9237601222485169,
          3.8012172513732687
        ],
        [
          0.939558892681718,
          -0.11640094965165095,
          0.32199401590881616,
          0.0016800160440894995
        ],
        [
          0.18994512484471404,
          0.9596530128893855,
          -0.20733343537039087,
          -0.514206795738847
        ],
        [
          0.0,
          0.0,
          0.0,
          1.0
        ]
      ]
    },
    {
      "file_path": "./data/phone/images/0040.jpg",
      "sharpness": 5.643037882829332,
      "transform_matrix": [
        [
          -0.2619226540295087,
          0.1844461890897351,
          0.9472994419906418,
          3.704293980361212
        ],
        [
          0.9488164949932467,
          -0.13027602544664324,
          0.2877079295974522,
          -0.0783397222859901
        ],
        [
          0.17647693501819162,
          0.9741705261927275,
          -0.1408831939233032,
          -0.26077295440209314
        ],
        [
          0.0,
          0.0,
          0.0,
          1.0
        ]
      ]
    },
    {
      "file_path": "./data/phone/images/0019.jpg",
      "sharpness": 6.532069784516024,
      "transform_matrix": [
        [
          -0.9214610786385526,
          -0.32137753079452214,
          0.21823563581142227,
          -0.16628497440309617
        ],
        [
          0.2931383602731096,
          -0.20660141547378208,
          0.9334810531105385,
          3.754825352339733
        ],
        [
          -0.2549112692989347,
          0.9241392036719288,
          0.2845832620466529,
          1.231100397860468
        ],
        [
          0.0,
          0.0,
          0.0,
          1.0
        ]
      ]
    },
    {
      "file_path": "./data/phone/images/0021.jpg",
      "sharpness": 5.709291937497836,
      "transform_matrix": [
        [
          -0.8733688837847742,
          -0.38086428610104556,
          0.30359513334497135,
          -0.3662024659339708
        ],
        [
          0.41526135893151783,
          -0.2565325544228424,
          0.8727829743478034,
          3.347000741216713
        ],
        [
          -0.2545290674962217,
          0.888332459525852,
          0.3822057531217273,
          1.9562252818963137
        ],
        [
          0.0,
          0.0,
          0.0,
          1.0
        ]
      ]
    },
    {
      "file_path": "./data/phone/images/0022.jpg",
      "sharpness": 8.622235266600974,
      "transform_matrix": [
        [
          -0.8296442847559505,
          -0.4341780337685923,
          0.35097003263892823,
          -0.2470253594639007
        ],
        [
          0.49264908430877835,
          -0.27358858014910864,
          0.8261031245864693,
          3.023690487874507
        ],
        [
          -0.2626542887085586,
          0.8582767455666237,
          0.44087860721483063,
          2.274842020555872
        ],
        [
          0.0,
          0.0,
          0.0,
          1.0
        ]
      ]
    },
    {
      "file_path": "./data/phone/images/0025.jpg",
      "sharpness": 5.612330617038031,
      "transform_matrix": [
        [
          -0.7299857063896867,
          -0.4798554405047064,
          0.48668244193360793,
          0.580419253594231
        ],
        [
          0.6629083225919193,
          -0.3237861363892518,
          0.6750668866457319,
          2.520031639310038
        ],
        [
          -0.1663533648583135,
          0.8154149953254841,
          0.5544593988078712,
          2.486248220132243
        ],
        [
          0.0,
          0.0,
          0.0,
          1.0
        ]
      ]
    },
    {
      "file_path": "./data/phone/images/0027.jpg",
      "sharpness": 5.035892061970286,
      "transform_matrix": [
        [
          -0.6721584163715378,
          -0.4694083841137154,
          0.5725901303136005,
          1.1621334201233633
        ],
        [
          0.7381166382136979,
          -0.3640340797679595,
          0.5680350742923623,
          2.047330077886675
        ],
        [
          -0.05819774456920777,
          0.8044478192011157,
          0.5911666234935071,
          2.395387014857364
        ],
        [
          0.0,
          0.0,
          0.0,
          1.0
        ]
      ]
    },
    {
      "file_path": "./data/phone/images/0026.jpg",
      "sharpness": 5.832155908950473,
      "transform_matrix": [
        [
          -0.6914072190727245,
          -0.47266717117462004,
          0.5463899323482272,
          0.97981246794795
        ],
        [
          0.7169542662045352,
          -0.35566228104037684,
          0.5995674459240898,
          2.1936422479291
        ],
        [
          -0.08906546141857166,
          0.8062818405286135,
          0.5847881930530682,
          2.434714214345174
        ],
        [
          0.0,
          0.0,
          0.0,
          1.0
        ]
      ]
    },
    {
      "file_path": "./data/phone/images/0028.jpg",
      "sharpness": 6.37225281563722,
      "transform_matrix": [
        [
          -0.5972917143172961,
          -0.46659359381997767,
          0.6523286389938284,
          1.4257878983726586
        ],
        [
          0.8020214004362378,
          -0.3454031818583282,
          0.4872964441726522,
          1.8266601573016368
        ],
        [
          -0.002053159514610615,
          0.8142396609494659,
          0.5805245492493123,
          2.1984758350802456
        ],
        [
          0.0,
          0.0,
          0.0,
          1.0
        ]
      ]
    },
    {
      "file_path": "./data/phone/images/0029.jpg",
      "sharpness": 6.830025067928894,
      "transform_matrix": [
        [
          -0.5622385027878835,
          -0.46607935010108914,
          0.6831235145185287,
          1.5401352132631996
        ],
        [
          0.8268371412849844,
          -0.3319107134350616,
          0.4540654162627964,
          1.703270330625531
        ],
        [
          0.015105445851436753,
          0.8201249531397794,
          0.5719847164994593,
          2.109280841054471
        ],
        [
          0.0,
          0.0,
          0.0,
          1.0
        ]
      ]
    },
    {
      "file_path": "./data/phone/images/0057.jpg",
      "sharpness": 13.861041847868002,
      "transform_matrix": [
        [
          -0.633450138965755,
          0.23271114699708687,
          0.7379610063121506,
          3.422788535054429
        ],
        [
          0.726927148293854,
          0.5058045659151121,
          0.46447676703525903,
          3.5154718596813117
        ],
        [
          -0.26517512279937233,
          0.830666759106337,
          -0.4895660229289267,
          -2.423606228898389
        ],
        [
          0.0,
          0.0,
          0.0,
          1.0
        ]
      ]
    },
    {
      "file_path": "./data/phone/images/0008.jpg",
      "sharpness": 7.5504962143335135,
      "transform_matrix": [
        [
          -0.7429993509790882,
          0.5372008442209091,
          0.39920810839925314,
          2.5040942903075982
        ],
        [
          0.5567946887602655,
          0.1651441894675493,
          0.8140681126949917,
          2.558936236730875
        ],
        [
          0.37139116536702405,
          0.8271291116814037,
          -0.4218125487499374,
          -1.5548076655824146
        ],
        [
          0.0,
          0.0,
          0.0,
          1.0
        ]
      ]
    },
    {
      "file_path": "./data/phone/images/0063.jpg",
      "sharpness": 8.309282090833285,
      "transform_matrix": [
        [
          -0.7911566844715373,
          0.03045146115572257,
          0.6108548560115497,
          2.979826695179704
        ],
        [
          0.5807601428139099,
          0.35061724157000934,
          0.7347006099532764,
          3.9991882214082315
        ],
        [
          -0.19180366913774613,
          0.9360235778229166,
          -0.29507817493572647,
          -1.4869304092999354
        ],
        [
          0.0,
          0.0,
          0.0,
          1.0
        ]
      ]
    },
    {
      "file_path": "./data/phone/images/0009.jpg",
      "sharpness": 8.047283692144779,
      "transform_matrix": [
        [
          -0.7893327798483964,
          0.48537159486371007,
          0.3759892042647132,
          2.4191622288850465
        ],
        [
          0.50776393777838,
          0.17180260784595655,
          0.8441913971040943,
          2.5434843246133285
        ],
        [
          0.3451505367728577,
          0.8572619704108649,
          -0.3820634646270048,
          -1.5509773781864589
        ],
        [
          0.0,
          0.0,
          0.0,
          1.0
        ]
      ]
    },
    {
      "file_path": "./data/phone/images/0062.jpg",
      "sharpness": 7.627646419079505,
      "transform_matrix": [
        [
          -0.7559194265047408,
          0.09836033410366751,
          0.6472334344284316,
          3.2043976766219933
        ],
        [
          0.6253076293541642,
          0.4012189016949652,
          0.6693383604109956,
          3.8744453876387035
        ],
        [
          -0.19384589881101422,
          0.9106858266693021,
          -0.36479462874987634,
          -1.69737572079685
        ],
        [
          0.0,
          0.0,
          0.0,
          1.0
        ]
      ]
    },
    {
      "file_path": "./data/phone/images/0011.jpg",
      "sharpness": 9.391536737512267,
      "transform_matrix": [
        [
          -0.9218376748622639,
          0.2311365404838083,
          0.31111263926375576,
          1.7828652828986744
        ],
        [
          0.354607698738118,
          0.17901566034699135,
          0.9177181228377874,
          3.001428040467442
        ],
        [
          0.15642408621142148,
          0.9563102207440861,
          -0.2469861409327131,
          -1.160273443528586
        ],
        [
          0.0,
          0.0,
          0.0,
          1.0
        ]
      ]
    },
    {
      "file_path": "./data/phone/images/0065.jpg",
      "sharpness": 11.831810243256681,
      "transform_matrix": [
        [
          -0.8805757924295693,
          -0.15610580014363676,
          0.4474569425943199,
          2.095093619275737
        ],
        [
          0.42708855601745804,
          0.14778722202804284,
          0.892050966103215,
          4.154321918869263
        ],
        [
          -0.20538233798729297,
          0.9766218988365246,
          -0.06346682087834471,
          -0.5777665932952959
        ],
        [
          0.0,
          0.0,
          0.0,
          1.0
        ]
      ]
    },
    {
      "file_path": "./data/phone/images/0010.jpg",
      "sharpness": 9.306126811327845,
      "transform_matrix": [
        [
          -0.8914003653041382,
          0.31221601637179036,
          0.3285214278552827,
          2.0315829379742083
        ],
        [
          0.397379502176211,
          0.18986374534750503,
          0.8977978058257959,
          2.8210633264489835
        ],
        [
          0.217932444674252,
          0.9308452201460534,
          -0.293312774223987,
          -1.352833066080225
        ],
        [
          0.0,
          0.0,
          0.0,
          1.0
        ]
      ]
    },
    {
      "file_path": "./data/phone/images/0064.jpg",
      "sharpness": 13.026310141155669,
      "transform_matrix": [
        [
          -0.863837840132806,
          -0.11656273638862882,
          0.49009953329426365,
          2.3251168069581265
        ],
        [
          0.46225260318001216,
          0.2033459232662356,
          0.8631183518668181,
          4.16619689995924
        ],
        [
          -0.20026696957022105,
          0.972143904816936,
          -0.12177645982170635,
          -0.8445969255226613
        ],
        [
          0.0,
          0.0,
          0.0,
          1.0
        ]
      ]
    },
    {
      "file_path": "./data/phone/images/0012.jpg",
      "sharpness": 8.720962817176614,
      "transform_matrix": [
        [
          -0.9570631003489476,
          0.09903953697828738,
          0.27243585171751195,
          1.369065513959516
        ],
        [
          0.28363600581493925,
          0.1259392085555314,
          0.9506259868523591,
          3.259820651938595
        ],
        [
          0.05983913246749428,
          0.98708177677679,
          -0.14862293334743135,
          -0.7636896115788362
        ],
        [
          0.0,
          0.0,
          0.0,
          1.0
        ]
      ]
    },
    {
      "file_path": "./data/phone/images/0061.jpg",
      "sharpness": 14.648207498807608,
      "transform_matrix": [
        [
          -0.646006176180108,
          0.23833828812393873,
          0.7251695518801832,
          3.358702156061598
        ],
        [
          0.73186550534948,
          0.463342645183102,
          0.49968637373053765,
          3.697919376816296
        ],
        [
          -0.21690758475215477,
          0.8535270658924123,
          -0.47375378174244137,
          -1.9266583849152068
        ],
        [
          0.0,
          0.0,
          0.0,
          1.0
        ]
      ]
    },
    {
      "file_path": "./data/phone/images/0007.jpg",
      "sharpness": 8.968309588228394,
      "transform_matrix": [
        [
          -0.7356606523519998,
          0.5466890085963101,
          0.3999182220545404,
          2.6244984123291273
        ],
        [
          0.5674083253286215,
          0.1749233992338585,
          0.804642580351504,
          2.6079532766470415
        ],
        [
          0.3699342046510387,
          0.8188607772391934,
          -0.4388801826727042,
          -1.5622230979784761
        ],
        [
          0.0,
          0.0,
          0.0,
          1.0
        ]
      ]
    },
    {
      "file_path": "./data/phone/images/0067.jpg",
      "sharpness": 14.117985342612979,
      "transform_matrix": [
        [
          -0.9120065689799322,
          -0.2239166430689144,
          0.3436652033286383,
          1.5094427242585426
        ],
        [
          0.35068992419014194,
          0.008902952287836082,
          0.9364496160036271,
          4.013080937604922
        ],
        [
          -0.2127459108293172,
          0.9745678414457747,
          0.07040577805688661,
          0.12328481019540091
        ],
        [
          0.0,
          0.0,
          0.0,
          1.0
        ]
      ]
    },
    {
      "file_path": "./data/phone/images/0004.jpg",
      "sharpness": 11.11809185750344,
      "transform_matrix": [
        [
          -0.733842806386233,
          0.5115849088245388,
          0.44694020077135865,
          2.5530704467379075
        ],
        [
          0.6021137101365704,
          0.18520626878772148,
          0.7766322065293244,
          2.475037067464249
        ],
        [
          0.3145371800742618,
          0.8390348355277972,
          -0.44394453622354735,
          -1.581666422970816
        ],
        [
          0.0,
          0.0,
          0.0,
          1.0
        ]
      ]
    },
    {
      "file_path": "./data/phone/images/0033.jpg",
      "sharpness": 6.22540501850782,
      "transform_matrix": [
        [
          -0.3772941621923125,
          -0.40801925686329504,
          0.8313659982117898,
          2.5824350674074434
        ],
        [
          0.9254793609525301,
          -0.19880560252441634,
          0.32243496723286136,
          0.8646653402008665
        ],
        [
          0.03372054104049975,
          0.8910649032766379,
          0.4526215948989977,
          1.2258452118005934
        ],
        [
          0.0,
          0.0,
          0.0,
          1.0
        ]
      ]
    },
    {
      "file_path": "./data/phone/images/0079.jpg",
      "sharpness": 7.536020113499344,
      "transform_matrix": [
        [
          -0.9675252332695271,
          -0.20976716367798137,
          0.1410404248463927,
          0.873222587056094
        ],
        [
          0.23186553812919716,
          -0.5142943884164171,
          0.825674971550702,
          2.9641317635657667
        ],
        [
          -0.100663477917821,
          0.8315639531543811,
          0.5462306258573479,
          1.0589659516375767
        ],
        [
          0.0,
          0.0,
          0.0,
          1.0
        ]
      ]
    },
    {
      "file_path": "./data/phone/images/0020.jpg",
      "sharpness": 5.325581642472364,
      "transform_matrix": [
        [
          -0.8904953063529746,
          -0.36277086969499184,
          0.274618337350941,
          -0.34496668879896025
        ],
        [
          0.3749880964256751,
          -0.24332713882270066,
          0.8945253493584069,
          3.5089858595414842
        ],
        [
          -0.2576858082295381,
          0.899549317959742,
          0.35271643441201833,
          1.7331927688805593
        ],
        [
          0.0,
          0.0,
          0.0,
          1.0
        ]
      ]
    },
    {
      "file_path": "./data/phone/images/0078.jpg",
      "sharpness": 6.348261614305044,
      "transform_matrix": [
        [
          -0.9652812764459657,
          -0.21317258910420694,
          0.15096409102779837,
          0.8510906656148262
        ],
        [
          0.24101766092620405,
          -0.5040194350757405,
          0.8293829890330509,
          2.9588663430397815
        ],
        [
          -0.10071217720238403,
          0.8369724566476037,
          0.5378987538318808,
          1.0558344741136072
        ],
        [
          0.0,
          0.0,
          0.0,
          1.0
        ]
      ]
    },
    {
      "file_path": "./data/phone/images/0024.jpg",
      "sharpness": 5.043839973347862,
      "transform_matrix": [
        [
          -0.7533434626370052,
          -0.483787385302716,
          0.4454481755233513,
          0.32986081195137823
        ],
        [
          0.6228516089925046,
          -0.3075435450335465,
          0.7193563960024302,
          2.6736230190044443
        ],
        [
          -0.21102031474804753,
          0.8193704306073651,
          0.5330136178406754,
          2.494600041701806
        ],
        [
          0.0,
          0.0,
          0.0,
          1.0
        ]
      ]
    },
    {
      "file_path": "./data/phone/images/0069.jpg",
      "sharpness": 13.49231255876965,
      "transform_matrix": [
        [
          -0.9261569385445035,
          -0.26733218061082503,
          0.2660205808086569,
          1.0522100697187613
        ],
        [
          0.31648053934116066,
          -0.16727599778503963,
          0.9337338921703485,
          3.6180656510593323
        ],
        [
          -0.20511814534302833,
          0.9489743838454966,
          0.23952925700168237,
          0.5801602304356747
        ],
        [
          0.0,
          0.0,
          0.0,
          1.0
        ]
      ]
    },
    {
      "file_path": "./data/phone/images/0016.jpg",
      "sharpness": 9.194870490141888,
      "transform_matrix": [
        [
          -0.9627731418335309,
          -0.23174148107273526,
          0.13915334298657722,
          0.21419896528522675
        ],
        [
          0.16567655298111025,
          -0.09913542777438883,
          0.981184638993712,
          3.7803888370727283
        ],
        [
          -0.21358625037698792,
          0.9677127478563752,
          0.13383904997379026,
          0.3228823152888565
        ],
        [
          0.0,
          0.0,
          0.0,
          1.0
        ]
      ]
    },
    {
      "file_path": "./data/phone/images/0077.jpg",
      "sharpness": 5.78054949083588,
      "transform_matrix": [
        [
          -0.9595346416676052,
          -0.2145851460190155,
          0.18233584298233907,
          0.7698774002445258
        ],
        [
          0.2639507937176395,
          -0.4598283529346627,
          0.8478724104829333,
          2.91550014260964
        ],
        [
          -0.0980977712789392,
          0.8616907230398307,
          0.4978611776499226,
          1.0815831315495243
        ],
        [
          0.0,
          0.0,
          0.0,
          1.0
        ]
      ]
    },
    {
      "file_path": "./data/phone/images/0015.jpg",
      "sharpness": 9.007957301680138,
      "transform_matrix": [
        [
          -0.9739488810896804,
          -0.14663438709565726,
          0.17298126247622247,
          0.5833125247979573
        ],
        [
          0.18238702462263573,
          -0.053229416087486194,
          0.9817853459325846,
          3.562178669893581
        ],
        [
          -0.1347553007063809,
          0.9877577819652488,
          0.07858694736405114,
          -0.09040564772111066
        ],
        [
          0.0,
          0.0,
          0.0,
          1.0
        ]
      ]
    },
    {
      "file_path": "./data/phone/images/0068.jpg",
      "sharpness": 12.817798664783545,
      "transform_matrix": [
        [
          -0.9185476366454592,
          -0.2495634269164503,
          0.3065753021967434,
          1.2029144995017256
        ],
        [
          0.33820725693566295,
          -0.09461306084261663,
          0.9363035486307002,
          3.7924814158940396
        ],
        [
          -0.20466101816383536,
          0.9637253510122888,
          0.17131076573673976,
          0.41122669255260114
        ],
        [
          0.0,
          0.0,
          0.0,
          1.0
        ]
      ]
    },
    {
      "file_path": "./data/phone/images/0018.jpg",
      "sharpness": 7.325117314531211,
      "transform_matrix": [
        [
          -0.9312394648300327,
          -0.3009111196823433,
          0.20553743317619141,
          -0.09817785575467748
        ],
        [
          0.2673617742237631,
          -0.18093585385680266,
          0.9464565528227681,
          3.818740260773297
        ],
        [
          -0.24761013651857672,
          0.9363304963998687,
          0.24894674092415342,
          0.9878586621870731
        ],
        [
          0.0,
          0.0,
          0.0,
          1.0
        ]
      ]
    },
    {
      "file_path": "./data/phone/images/0070.jpg",
      "sharpness": 12.28768800509796,
      "transform_matrix": [
        [
          -0.9312989763553684,
          -0.26724896689640126,
          0.2475068358923378,
          0.9036114341934375
        ],
        [
          0.3124090999862534,
          -0.23662921257450564,
          0.9200034237023423,
          3.4331918305833664
        ],
        [
          -0.1873031794232266,
          0.9341219947580117,
          0.30386358184547657,
          0.8025146913244536
        ],
        [
          0.0,
          0.0,
          0.0,
          1.0
        ]
      ]
    },
    {
      "file_path": "./data/phone/images/0017.jpg",
      "sharpness": 6.6477429656650635,
      "transform_matrix": [
        [
          -0.9552156940367709,
          -0.2532998679964278,
          0.15297720458596628,
          0.08392098653213252
        ],
        [
          0.18711719252841535,
          -0.11655573614977499,
          0.9753982473421186,
          3.8490233873868003
        ],
        [
          -0.22923799024130354,
          0.960340473259007,
          0.1587326204498771,
          0.5054531340398101
        ],
        [
          0.0,
          0.0,
          0.0,
          1.0
        ]
      ]
    },
    {
      "file_path": "./data/phone/images/0071.jpg",
      "sharpness": 9.73172893944335,
      "transform_matrix": [
        [
          -0.9337590912827778,
          -0.26032836988061236,
          0.2456075564926747,
          0.8437946858071984
        ],
        [
          0.3127429171974149,
          -0.2598105697961949,
          0.9136138641739919,
          3.3475388208709496
        ],
        [
          -0.17402819594297742,
          0.9299072925433344,
          0.32401633729813134,
          0.9010672793398652
        ],
        [
          0.0,
          0.0,
          0.0,
          1.0
        ]
      ]
    },
    {
      "file_path": "./data/phone/images/0014.jpg",
      "sharpness": 8.445141760850811,
      "transform_matrix": [
        [
          -0.9758385083033643,
          -0.08184669449043963,
          0.20258261110525283,
          0.8137110558618256
        ],
        [
          0.20429461416846403,
          -0.013025588706860049,
          0.978822299711842,
          3.4508280221441647
        ],
        [
          -0.0774751259397767,
          0.9965595856535784,
          0.029431728368225354,
          -0.2777796038170507
        ],
        [
          0.0,
          0.0,
          0.0,
          1.0
        ]
      ]
    },
    {
      "file_path": "./data/phone/images/0076.jpg",
      "sharpness": 5.324173070896766,
      "transform_matrix": [
        [
          -0.9578653907277722,
          -0.22284558041708188,
          0.1811997163846683,
          0.7541093977619732
        ],
        [
          0.26568157200118625,
          -0.4477813256784056,
          0.853759006542967,
          2.8739793276376178
        ],
        [
          -0.10911900283749636,
          0.8659278916760608,
          0.48812026975344514,
          1.0875274739176553
        ],
        [
          0.0,
          0.0,
          0.0,
          1.0
        ]
      ]
    },
    {
      "file_path": "./data/phone/images/0013.jpg",
      "sharpness": 7.048347616595768,
      "transform_matrix": [
        [
          -0.9651119203062481,
          0.044825024961637074,
          0.2579729111239723,
          1.1960830885690517
        ],
        [
          0.26103930562806843,
          0.08780499912062159,
          0.9613268439057269,
          3.332460766249751
        ],
        [
          0.020440435878253848,
          0.9951287311331171,
          -0.09644278091383911,
          -0.5868731489051956
        ],
        [
          0.0,
          0.0,
          0.0,
          1.0
        ]
      ]
    },
    {
      "file_path": "./data/phone/images/0075.jpg",
      "sharpness": 5.103329926298534,
      "transform_matrix": [
        [
          -0.9522266658023079,
          -0.23400904033160655,
          0.19622598532603092,
          0.7187220651417701
        ],
        [
          0.2835630510846726,
          -0.43892948311511115,
          0.8526041306547706,
          2.735067091647805
        ],
        [
          -0.11338718089204594,
          0.867514517423521,
          0.48431659101788826,
          1.0169296875044227
        ],
        [
          0.0,
          0.0,
          0.0,
          1.0
        ]
      ]
    },
    {
      "file_path": "./data/phone/images/0001.jpg",
      "sharpness": 15.218003602358307,
      "transform_matrix": [
        [
          -0.7260857667083825,
          0.5257513758944687,
          0.44315342802710167,
          2.7430569099985855
        ],
        [
          0.6031211417413004,
          0.17745002427324297,
          0.7776608494558432,
          2.352830601946413
        ],
        [
          0.3302186762492193,
          0.8319236678491208,
          -0.4459357127267791,
          -1.508699395632379
        ],
        [
          0.0,
          0.0,
          0.0,
          1.0
        ]
      ]
    },
    {
      "file_path": "./data/phone/images/0074.jpg",
      "sharpness": 6.236373799363993,
      "transform_matrix": [
        [
          -0.950760658320598,
          -0.23743673742128024,
          0.19919582042945633,
          0.7276902517285075
        ],
        [
          0.28633988872130406,
          -0.4270118703949692,
          0.8577133272952894,
          2.704004532091194
        ],
        [
          -0.11859260579422101,
